      2.0000000     -1.7455681     0.72429490     0.91131527     0.38730549     0.91131527
      2.0100000     -1.7381483     0.74389377     0.90789713     0.41581346     0.90789713
      2.0200000     -1.7306750     0.76433580     0.90444497     0.44708153     0.90444497
      2.0300000     -1.7229294     0.78446337     0.90073475     0.48525306     0.90073475
      2.0400000     -1.7149310     0.81289855     0.89681109     0.53736069     0.89681109
      2.0500000     -1.7068913     0.83139515     0.89284351     0.57830136     0.89284351
      2.0600000     -1.6984751     0.85535182     0.88851919     0.64064109     0.88851919
      2.0700000     -1.6897110     0.87973510     0.88401999     0.68880375     0.88401999
      2.0800000     -1.6808063     0.90348962     0.87922087     0.76069841     0.87922087
      2.0900000     -1.6716594     0.93607427     0.87418711     0.85573565     0.87418711
      2.1000000     -1.6620445     0.96309511     0.86869533     0.94950185     0.86869533
      2.1100000     -1.6523298     0.99693703     0.86302938      1.0711172     0.86302938
      2.1200000     -1.6421950      1.0257117     0.85695864      1.1940381     0.85695864
      2.1300000     -1.6317397      1.0616605     0.85044298      1.3492611     0.85044298
      2.1400000     -1.6207983      1.1079037     0.84311657      1.6273709     0.84311657
      2.1500000     -1.6095639      1.1459968     0.83547277      1.8588483     0.83547277
      2.1600000     -1.5978573      1.1824459     0.82691219      2.1690649     0.82691219
      2.1700000     -1.5857322      1.2483592     0.81784791      2.7770257     0.81784791
      2.1800000     -1.5732572      1.2984188     0.80808417      3.1960463     0.80808417
      2.1900000     -1.5601089      1.3504488     0.79657661      4.1178816     0.79657661
      2.2000000     -1.5466110      1.4041135     0.78515488      4.4664496     0.78515488
      2.2100000     -1.5317361      1.4944484     0.76983455      6.4391111     0.76983455
      2.2200000     -1.5162215      1.6094281     0.75186248      10.867959     0.75186248
      2.2300000     -1.5007277      1.6656133     0.73550160      10.477799     0.73550160
      2.2400000     -1.4833267      1.7751464     0.71226835      14.936432     0.71226835
      2.2500000     -1.4629860      2.0465479    -0.32822753      37.535469     0.67185990
      2.2600000     -1.4422809      2.1994464     0.62521891      61.195361     0.62841206
      2.2700000     -1.4174292      2.4876171    -0.13303622      126.98005     0.55033641
      2.2800000     -1.3940786      2.4608446     0.15133629      138.85312     0.48503710
      2.2900000     -1.3696629      2.3237803   -0.023263832      152.83043     0.39890157
      2.3000000     -1.3467495      2.0801289   0.0029956244      142.18968     0.31901324
