      2.0000000     -1.7456358     0.72704343     0.91133058     0.38702068     0.91133058
      2.0100000     -1.7381705     0.74521371     0.90794854     0.41384307     0.90794854
      2.0200000     -1.7307691     0.76292286     0.90457691     0.43512972     0.90457691
      2.0300000     -1.7227360     0.78532130     0.90048832     0.50293887     0.90048832
      2.0400000     -1.7147692     0.80991227     0.89674955     0.52775028     0.89674955
      2.0500000     -1.7064955     0.83788188     0.89242255     0.62398777     0.89242255
      2.0600000     -1.6984641     0.85272502     0.88862636     0.62326793     0.88862636
      2.0700000     -1.6897599     0.87752922     0.88408384     0.68819561     0.88408384
      2.0800000     -1.6807770     0.90817615     0.87914439     0.77467557     0.87914439
      2.0900000     -1.6715676     0.93240576     0.87420861     0.84708129     0.87420861
      2.1000000     -1.6623881     0.95995734     0.86908755     0.94025917     0.86908755
      2.1100000     -1.6520555     0.99353671     0.86270946      1.0841581     0.86270946
      2.1200000     -1.6424360      1.0226486     0.85731005      1.1797383     0.85731005
      2.1300000     -1.6319470      1.0611299     0.85062644      1.3315529     0.85062644
      2.1400000     -1.6205580      1.1077141     0.84282174      1.6192393     0.84282174
      2.1500000     -1.6097819      1.1410625     0.83587596      1.8249280     0.83587596
      2.1600000     -1.5975025      1.1960614     0.82675217      2.2189459     0.82675217
      2.1700000     -1.5857642      1.2358292     0.78166406      2.8256588     0.81754720
      2.1800000     -1.5734465      1.2882027    -0.22600161      3.1672880     0.80861164
      2.1900000     -1.5597506      1.3682335     0.62029490      4.5144149     0.79568352
      2.2000000     -1.5465232      1.4170175     0.17773544      4.8735962     0.78451945
      2.2100000     -1.5303470      1.5368504     0.20281636      7.1924698     0.76593973
      2.2200000     -1.5175297      1.5530333     0.28520998      7.4792167     0.75556299
      2.2300000     -1.5006052      1.6598617    -0.20786641      9.2142919     0.73596189
      2.2400000     -1.4820173      1.7771680     0.14629679      12.902183     0.70975797
      2.2500000     -1.4662795      1.8244517   -0.089816129      14.345768     0.69166841
      2.2600000     -1.4476920      1.8794449     0.10245728      17.544479     0.66385584
      2.2700000     -1.4291389      1.9502185    0.071975323      20.797939     0.63585463
      2.2800000     -1.4107794      1.9840649  -0.0059702912      22.282065     0.61020419
      2.2900000     -1.3881390      2.0061889   -0.049572962      26.702397     0.56601747
      2.3000000     -1.3683245      1.9892583  -0.0078840363      27.932291     0.53229979
