      2.0000000     -1.7455806     0.72583300     0.91133984     0.38467054     0.91133984
      2.0100000     -1.7381500     0.74477193     0.90790933     0.41816030     0.90790933
      2.0200000     -1.7306671     0.76345906     0.90441385     0.44946497     0.90441385
      2.0300000     -1.7228678     0.78399530     0.90073343     0.48196479     0.90073343
      2.0400000     -1.7148730     0.81055509     0.89675029     0.53587819     0.89675029
      2.0500000     -1.7068401     0.83068236     0.89283193     0.58108353     0.89283193
      2.0600000     -1.6981929     0.85850401     0.88831551     0.64929412     0.88831551
      2.0700000     -1.6896333     0.88226774     0.88388401     0.70224554     0.88388401
      2.0800000     -1.6808377     0.90617655     0.87925866     0.76542562     0.87925866
      2.0900000     -1.6715848     0.93454074     0.87418507     0.84923321     0.87418507
      2.1000000     -1.6620407     0.96437161     0.86870179     0.95294944     0.86870179
      2.1100000     -1.6524577     0.99586359     0.86324146      1.0497694     0.86324146
      2.1200000     -1.6421674      1.0285604     0.85689170      1.1961223     0.85689170
      2.1300000     -1.6314996      1.0560754     0.85011967      1.3672612     0.85011967
      2.1400000     -1.6207534      1.0973939     0.84312455      1.6067503     0.84312455
      2.1500000     -1.6095207      1.1481910     0.83541705      1.8686353     0.83541705
      2.1600000     -1.5980122      1.1832052     0.82728693      2.1175294     0.82728693
      2.1700000     -1.5862251      1.2277222     0.81893424      2.3884626     0.81893424
      2.1800000     -1.5736925      1.2701921     0.80934769      2.7657581     0.80934769
      2.1900000     -1.5601426      1.3521929     0.79708937      3.9464860     0.79708937
      2.2000000     -1.5466719      1.4141639     0.78493251      4.8354207     0.78493251
      2.2100000     -1.5319055      1.4930928     0.77063431      5.8510406     0.77063431
      2.2200000     -1.5162957      1.5829634     0.75332533      8.0436452     0.75332533
      2.2300000     -1.5009339      1.6612823     0.73622564      10.188730     0.73622564
      2.2400000     -1.4821455      1.8290883    -0.58826083      20.508374     0.70564257
      2.2500000     -1.4633477      2.0128000    -0.15302574      31.368032     0.67512349
      2.2600000     -1.4423080      2.1771193    -0.28966823      48.845227     0.63290773
      2.2700000     -1.4215198      2.2527372     0.20324647      65.992347     0.58576612
      2.2800000     -1.3939238      2.4512030    -0.14567729      103.22466     0.49696489
      2.2900000     -1.3750718      2.2879080    0.058680371      99.501136     0.46019637
      2.3000000     -1.3515561      2.1103313    0.023450609      100.25627     0.38546822
