      2.0000000     -1.7454476     0.72357812     0.91126203     0.38334808     0.91126203
      2.0100000     -1.7382223     0.74386470     0.90796109     0.41708269     0.90796109
      2.0200000     -1.7305867     0.76543932     0.90438176     0.44595343     0.90438176
      2.0300000     -1.7229719     0.78789194     0.90071783     0.49342293     0.90071783
      2.0400000     -1.7151166     0.80425086     0.89690243     0.52934560     0.89690243
      2.0500000     -1.7068976     0.83326989     0.89277861     0.58278888     0.89277861
      2.0600000     -1.6983721     0.84966317     0.88852470     0.62515600     0.88852470
      2.0700000     -1.6898274     0.87922064     0.88409961     0.68993930     0.88409961
      2.0800000     -1.6807610     0.90485095     0.87910777     0.77916953     0.87910777
      2.0900000     -1.6713290     0.93801167     0.87389867     0.85739461     0.87389867
      2.1000000     -1.6621288     0.96719188     0.86876171     0.96317219     0.86876171
      2.1100000     -1.6523551     0.99226354     0.86309333      1.0597372     0.86309333
      2.1200000     -1.6421625      1.0404651     0.85665523      1.3315172     0.85665523
      2.1300000     -1.6315853      1.0642088     0.85003096      1.4249710     0.85003096
      2.1400000     -1.6209144      1.1049808     0.84323330      1.5810515     0.84323330
      2.1500000     -1.6099308      1.1307450     0.83611975      1.7077699     0.83611975
      2.1600000     -1.5978827      1.1819971     0.82711111      2.1770536     0.82711111
      2.1700000     -1.5861443      1.2494010     0.81790469      3.0595817     0.81790469
      2.1800000     -1.5732644      1.2859719     0.80848647      2.9175805     0.80848647
      2.1900000     -1.5602745      1.3443824     0.79722233      3.7269821     0.79722233
      2.2000000     -1.5466385      1.4050497     0.78500457      4.6803491     0.78500457
      2.2100000     -1.5317643      1.4826073     0.77052438      5.7999430     0.77052438
      2.2200000     -1.5158558      1.6323120    -0.17712908      12.059554     0.74988173
      2.2300000     -1.5006760      1.6911237    0.043583904      12.646112     0.73380540
      2.2400000     -1.4829287      1.8088071    -0.16370271      18.766254     0.70861423
      2.2500000     -1.4636160      1.9309991    0.048943232      23.994983     0.67831031
      2.2600000     -1.4442864      2.0964722     0.23669609      33.282409     0.64411080
      2.2700000     -1.4209454      2.2338404   -0.036123387      48.158503     0.59024308
      2.2800000     -1.4038818      2.1995926   -0.022977709      49.081052     0.56612807
      2.2900000     -1.3791819      2.1934279   0.0052063011      57.838827     0.50504265
      2.3000000     -1.3553908      2.1103126    0.034502103      64.836814     0.43895310
